Type_1,Type_2,Type_3,image_name
0.1916326091,0.5424922342,0.2658751567,0.jpg
0.1659265684,0.5341565735,0.2999168581,1.jpg
0.1442845472,0.5765827028,0.27913275,10.jpg
0.1327659297,0.5436513929,0.3235826774,100.jpg
0.1352415259,0.5997780821,0.264980392,101.jpg
0.2218256875,0.6339150266,0.1442592859,102.jpg
0.1048190578,0.5305236195,0.3646573227,103.jpg
0.1720204968,0.5622982413,0.2656812619,104.jpg
0.1392141816,0.4343970637,0.4263887547,105.jpg
0.1738475766,0.5285135334,0.29763889,106.jpg
0.1537400255,0.5791164695,0.267143505,107.jpg
0.1684191421,0.5251501668,0.3064306911,108.jpg
0.1029046183,0.5092179644,0.3878774173,109.jpg
0.0991179676,0.6484678669,0.2524141655,11.jpg
0.2392211202,0.6149234706,0.1458554091,110.jpg
0.1036033786,0.5367391951,0.3596574263,111.jpg
0.1217552396,0.6184365438,0.2598082166,112.jpg
0.1853342236,0.6657324401,0.1489333364,113.jpg
0.1498258169,0.4835418831,0.3666323,114.jpg
0.1855911129,0.6069065248,0.2075023622,115.jpg
0.1905790986,0.3891702873,0.4202506141,116.jpg
0.2475799992,0.5430355928,0.209384408,117.jpg
0.062459131,0.4063842114,0.5311566576,118.jpg
0.1618478332,0.4453393135,0.3928128532,119.jpg
0.0692413806,0.4182905552,0.5124680642,12.jpg
0.132345327,0.6890322129,0.1786224601,120.jpg
0.1172460746,0.5546652662,0.3280886593,121.jpg
0.0753785811,0.2369780768,0.6876433421,122.jpg
0.2423519577,0.6082560265,0.1493920158,123.jpg
0.091087752,0.6387864499,0.2701257981,124.jpg
0.1618440154,0.6222267016,0.215929283,125.jpg
0.1319049868,0.6335138834,0.2345811298,126.jpg
0.1136295586,0.5495218681,0.3368485732,127.jpg
0.2675393068,0.5836526547,0.1488080385,128.jpg
0.1724190837,0.71167753,0.1159033863,129.jpg
0.1431665725,0.4534697783,0.4033636492,13.jpg
0.0859680143,0.3382151651,0.5758168206,130.jpg
0.1115920107,0.2780529723,0.610355017,131.jpg
0.170904577,0.6236496301,0.2054457929,132.jpg
0.0911944941,0.4955377184,0.4132677876,133.jpg
0.1672920929,0.635838646,0.1968692611,134.jpg
0.1383188467,0.5735212549,0.2881598984,135.jpg
0.1816331824,0.5798081283,0.2385586892,136.jpg
0.1270213836,0.4166177201,0.4563608964,137.jpg
0.0709192655,0.1657751601,0.7633055745,138.jpg
0.2111358426,0.5675879173,0.2212762401,139.jpg
0.0835585555,0.4558126476,0.460628797,14.jpg
0.1820477507,0.5631402775,0.2548119718,140.jpg
0.1099351014,0.4355663262,0.4544985724,141.jpg
0.2749430775,0.6282157704,0.0968411521,142.jpg
0.0958855958,0.6457065145,0.2584078897,143.jpg
0.1690605425,0.6197770697,0.2111623878,144.jpg
0.1445355884,0.5209452579,0.3345191538,145.jpg
0.2057711715,0.6880260165,0.106202812,146.jpg
0.0712775237,0.6363973854,0.2923250909,147.jpg
0.2076277517,0.5056810112,0.2866912371,148.jpg
0.2373716844,0.6164106587,0.1462176569,149.jpg
0.180877414,0.6671360271,0.1519865589,15.jpg
0.1910638487,0.5647488712,0.2441872802,150.jpg
0.2014331542,0.4485549085,0.3500119372,151.jpg
0.2229017534,0.3430435023,0.4340547443,152.jpg
0.0860884034,0.38034791,0.5335636866,153.jpg
0.3729628096,0.5264954308,0.1005417595,154.jpg
0.1428146062,0.5520948635,0.3050905303,155.jpg
0.1388041302,0.5556447211,0.3055511486,156.jpg
0.2754967281,0.5441637156,0.1803395563,157.jpg
0.1714673434,0.5602314119,0.2683012447,158.jpg
0.1852479293,0.4347658229,0.3799862477,159.jpg
0.1664710737,0.5603383855,0.2731905408,16.jpg
0.312282757,0.5963066224,0.0914106206,160.jpg
0.2056270225,0.5736065349,0.2207664426,161.jpg
0.1692692062,0.5528737533,0.2778570405,162.jpg
0.269477848,0.3997203678,0.3308017841,163.jpg
0.1667992051,0.4435405375,0.3896602574,164.jpg
0.2759218148,0.5761621055,0.1479160797,165.jpg
0.1675464761,0.3573020233,0.4751515006,166.jpg
0.0911706342,0.4046107243,0.5042186415,167.jpg
0.2292795063,0.4431110752,0.3276094185,168.jpg
0.209322421,0.6535898454,0.1370877336,169.jpg
0.2494962153,0.603538833,0.1469649516,17.jpg
0.1470974646,0.5556173248,0.2972852106,170.jpg
0.0660833835,0.2627503221,0.6711662944,171.jpg
0.188651587,0.5687137262,0.2426346868,172.jpg
0.0887320999,0.4731500823,0.4381178177,173.jpg
0.2253460461,0.5282971292,0.2463568247,174.jpg
0.1312526572,0.544782792,0.3239645509,175.jpg
0.2042275132,0.4625438778,0.3332286089,176.jpg
0.221956036,0.5817900987,0.1962538653,177.jpg
0.1383398089,0.5518607942,0.3097993969,178.jpg
0.1913275008,0.4859035729,0.3227689263,179.jpg
0.2143812474,0.620703177,0.1649155756,18.jpg
0.2182622025,0.5872541476,0.19448365,180.jpg
0.1522122912,0.5053306968,0.342457012,181.jpg
0.1024756333,0.2912713333,0.6062530334,182.jpg
0.1529735394,0.3051625659,0.5418638947,183.jpg
0.2067734607,0.5875295806,0.2056969587,184.jpg
0.3248920257,0.5971858264,0.0779221479,185.jpg
0.1751573719,0.6177485382,0.20709409,186.jpg
0.0721287928,0.4431336507,0.4847375565,187.jpg
0.1286811737,0.3971505201,0.4741683063,188.jpg
0.1083596435,0.5727780263,0.3188623301,189.jpg
0.1041582916,0.6656722064,0.230169502,19.jpg
0.1970132743,0.5346665396,0.2683201861,190.jpg
0.1034158217,0.318513807,0.5780703713,191.jpg
0.2240714703,0.6045879887,0.171340541,192.jpg
0.2477577554,0.4634145949,0.2888276497,193.jpg
0.1142730815,0.5288172115,0.356909707,194.jpg
0.2281683175,0.5775978259,0.1942338566,195.jpg
0.312629263,0.6253593855,0.0620113516,196.jpg
0.2264173692,0.5728600979,0.2007225329,197.jpg
0.0840507985,0.352949813,0.5629993885,198.jpg
0.1116752684,0.6166228944,0.2717018372,199.jpg
0.2138561901,0.6295590717,0.1565847382,2.jpg
0.16890975,0.6586606741,0.1724295759,20.jpg
0.2051361444,0.4924276118,0.3024362437,200.jpg
0.1928437027,0.649853492,0.1573028052,201.jpg
0.0842438061,0.478573239,0.437182955,202.jpg
0.1683814884,0.4401235878,0.3914949238,203.jpg
0.1758551487,0.5476061267,0.2765387246,204.jpg
0.1516447414,0.5114863109,0.3368689478,205.jpg
0.2212151485,0.5690080466,0.2097768049,206.jpg
0.1512429259,0.4721061907,0.3766508834,207.jpg
0.1096895096,0.4421608818,0.4481496086,208.jpg
0.0947122513,0.1914956035,0.7137921452,209.jpg
0.1626923129,0.6350236684,0.2022840187,21.jpg
0.1547874417,0.6434112521,0.2018013062,210.jpg
0.1897841329,0.6038714178,0.2063444493,211.jpg
0.2692744721,0.5543360383,0.1763894896,212.jpg
0.1294517477,0.4811538247,0.3893944276,213.jpg
0.283762832,0.5304743833,0.1857627847,214.jpg
0.1925444228,0.5962251946,0.2112303826,215.jpg
0.2627756133,0.6628609375,0.0743634492,216.jpg
0.2373652036,0.6929045368,0.0697302596,217.jpg
0.2036801964,0.5846953454,0.2116244582,218.jpg
0.2329977009,0.2722306336,0.4947716655,219.jpg
0.148220957,0.6586428379,0.1931362051,22.jpg
0.0919481714,0.5827065027,0.3253453259,220.jpg
0.154917005,0.5109537594,0.3341292356,221.jpg
0.109316187,0.5451990265,0.3454847865,222.jpg
0.1925094341,0.451017681,0.3564728849,223.jpg
0.0868673884,0.6147239803,0.2984086314,224.jpg
0.0787727945,0.6816924885,0.2395347171,225.jpg
0.1333298585,0.6636567353,0.2030134062,226.jpg
0.1950195147,0.6251466046,0.1798338807,227.jpg
0.1904963937,0.5712360031,0.2382676032,228.jpg
0.2175650796,0.5193161285,0.2631187918,229.jpg
0.1487621573,0.3603898352,0.4908480074,23.jpg
0.2039890956,0.5191523825,0.2768585219,230.jpg
0.3053386473,0.6068267686,0.0878345841,231.jpg
0.1959092251,0.5272102247,0.2768805502,232.jpg
0.2499758247,0.6389097527,0.1111144226,233.jpg
0.1909637935,0.6248667333,0.1841694732,234.jpg
0.1967794992,0.6802615321,0.1229589687,235.jpg
0.1439830065,0.5868354498,0.2691815436,236.jpg
0.0822884223,0.6346670649,0.2830445128,237.jpg
0.0792437368,0.3668024762,0.553953787,238.jpg
0.2468162768,0.6346594323,0.1185242909,239.jpg
0.3201443269,0.4860957742,0.1937598989,24.jpg
0.1478767892,0.2582992597,0.5938239511,240.jpg
0.2646989018,0.5950229432,0.140278155,241.jpg
0.2493392255,0.5343660359,0.2162947386,242.jpg
0.239165633,0.5960510903,0.1647832766,243.jpg
0.1507797889,0.4907804283,0.3584397828,244.jpg
0.1270725619,0.4568585587,0.4160688794,245.jpg
0.2370871561,0.5886239467,0.1742888972,246.jpg
0.220425429,0.5123265196,0.2672480514,247.jpg
0.1072128279,0.5711656669,0.3216215052,248.jpg
0.1596523311,0.4161223917,0.4242252772,249.jpg
0.1673087839,0.6933712317,0.1393199845,25.jpg
0.1179391729,0.6080460503,0.2740147768,250.jpg
0.1086902094,0.6706227255,0.2206870652,251.jpg
0.2171912431,0.5279259977,0.2548827593,252.jpg
0.1836985699,0.4555981699,0.3607032602,253.jpg
0.2694034583,0.5037458125,0.2268507293,254.jpg
0.0881695175,0.6088864829,0.3029439996,255.jpg
0.097997971,0.6338598217,0.2681422072,256.jpg
0.126014845,0.6753685395,0.1986166155,257.jpg
0.1102676224,0.6118332444,0.2778991332,258.jpg
0.1138380726,0.6128126833,0.2733492441,259.jpg
0.2675353074,0.6539370326,0.07852766,26.jpg
0.2245342261,0.4878843364,0.2875814376,260.jpg
0.2207636672,0.6618636011,0.1173727317,261.jpg
0.1448035595,0.5486434418,0.3065529987,262.jpg
0.2121737878,0.551657202,0.2361690102,263.jpg
0.1111350312,0.3715837378,0.5172812309,264.jpg
0.0433059552,0.2214621043,0.7352319405,265.jpg
0.0461935137,0.4633657009,0.4904407854,266.jpg
0.3104236016,0.6243085462,0.0652678523,267.jpg
0.2071981763,0.3406454435,0.4521563802,268.jpg
0.2011906604,0.7284029228,0.0704064168,269.jpg
0.1081021674,0.6864793113,0.2054185214,27.jpg
0.0969158598,0.4940812422,0.409002898,270.jpg
0.2516247391,0.4058233346,0.3425519263,271.jpg
0.1094375338,0.569082222,0.3214802442,272.jpg
0.0984249908,0.4724295088,0.4291455004,273.jpg
0.363927379,0.5121500829,0.1239225381,274.jpg
0.2305214609,0.6738666696,0.0956118695,275.jpg
0.1563384483,0.4392977915,0.4043637602,276.jpg
0.2668829998,0.6080265045,0.1250904958,277.jpg
0.2334519193,0.5527754224,0.2137726584,278.jpg
0.2086697291,0.6252612559,0.166069015,279.jpg
0.1753203624,0.6929759525,0.1317036851,28.jpg
0.2162612821,0.5099883071,0.2737504109,280.jpg
0.1118162993,0.493346114,0.3948375867,281.jpg
0.1060441874,0.5529394471,0.3410163655,282.jpg
0.1687800226,0.4716199322,0.3596000452,283.jpg
0.0678990399,0.5311837866,0.4009171735,284.jpg
0.2763820925,0.6066199542,0.1169979533,285.jpg
0.1403466584,0.5903999633,0.2692533784,286.jpg
0.1551846162,0.3750305023,0.4697848815,287.jpg
0.0795774491,0.3420782318,0.5783443191,288.jpg
0.2109052633,0.5045837558,0.2845109809,289.jpg
0.0780174839,0.6583754196,0.2636070964,29.jpg
0.1224791857,0.4105079949,0.4670128193,290.jpg
0.2093456142,0.4129986812,0.3776557046,291.jpg
0.262965474,0.4820321848,0.2550023412,292.jpg
0.3825665575,0.5263338323,0.0910996102,293.jpg
0.1485072645,0.5880223339,0.2634704017,294.jpg
0.2735994011,0.6839168081,0.0424837908,295.jpg
0.1433455478,0.6003987271,0.2562557251,296.jpg
0.2082716109,0.5048001777,0.2869282115,297.jpg
0.1691132568,0.492996064,0.3378906793,298.jpg
0.1978313872,0.6099840136,0.1921845992,299.jpg
0.0741025797,0.6191141862,0.3067832342,3.jpg
0.2270304525,0.5946834624,0.1782860852,30.jpg
0.2637012986,0.6268405837,0.1094581177,300.jpg
0.1270989331,0.638159637,0.2347414299,301.jpg
0.217845395,0.5643363812,0.2178182238,302.jpg
0.1158481801,0.4716993979,0.4124524221,303.jpg
0.2446997014,0.5818163638,0.1734839348,304.jpg
0.1829604709,0.2129032588,0.6041362703,305.jpg
0.2339660476,0.4659341327,0.3000998197,306.jpg
0.0770010356,0.2867178331,0.6362811313,307.jpg
0.2113684848,0.6095368345,0.1790946808,308.jpg
0.0877499485,0.66305034,0.2491997115,309.jpg
0.1351682418,0.5702912432,0.2945405151,31.jpg
0.1966865641,0.5246293762,0.2786840596,310.jpg
0.1475781557,0.3091528471,0.5432689972,311.jpg
0.2490089507,0.6608671194,0.09012393,312.jpg
0.1156085058,0.6927121753,0.1916793189,313.jpg
0.2829715904,0.5474148389,0.1696135707,314.jpg
0.1060747679,0.2569288111,0.6369964211,315.jpg
0.3911562695,0.4053615064,0.2034822241,316.jpg
0.1649002737,0.4701585663,0.3649411601,317.jpg
0.1152502761,0.5217443481,0.3630053758,318.jpg
0.1769131416,0.6045869099,0.2184999485,319.jpg
0.1842853433,0.6093261969,0.2063884599,32.jpg
0.2167112927,0.6894562939,0.0938324135,320.jpg
0.1125501594,0.5390992797,0.3483505609,321.jpg
0.1502160226,0.5909960569,0.2587879205,322.jpg
0.1867306956,0.5266065665,0.2866627378,323.jpg
0.1470918594,0.5501802076,0.302727933,324.jpg
0.0906784126,0.2571534543,0.6521681331,325.jpg
0.0475525404,0.3004167437,0.6520307159,326.jpg
0.1849805449,0.63046327,0.184556185,327.jpg
0.1414040316,0.578104828,0.2804911404,328.jpg
0.1110005472,0.491967424,0.3970320287,329.jpg
0.1288578159,0.468088681,0.4030535031,33.jpg
0.1194812854,0.7343453115,0.146173403,330.jpg
0.2329252628,0.5874189213,0.1796558159,331.jpg
0.1539947456,0.4178188649,0.4281863895,332.jpg
0.0915485219,0.4295274133,0.4789240648,333.jpg
0.0421417891,0.2859049947,0.6719532161,334.jpg
0.1506214125,0.3415869257,0.5077916618,335.jpg
0.2425689576,0.7027349769,0.0546960655,336.jpg
0.1231774709,0.3820188917,0.4948036374,337.jpg
0.2668614119,0.49612216,0.2370164281,338.jpg
0.1159954803,0.6055982549,0.2784062648,339.jpg
0.147274402,0.4330542164,0.4196713815,34.jpg
0.2303143236,0.578701979,0.1909836973,340.jpg
0.1564306673,0.5531773868,0.2903919459,341.jpg
0.122562217,0.6079218484,0.2695159345,342.jpg
0.1150940194,0.2946227003,0.5902832804,343.jpg
0.303689539,0.5040631946,0.1922472663,344.jpg
0.1397099613,0.5816056216,0.2786844171,345.jpg
0.1652696725,0.5193517042,0.3153786233,346.jpg
0.3784083565,0.5278142647,0.0937773788,347.jpg
0.1821023662,0.5809271769,0.2369704569,348.jpg
0.0630244908,0.4764096235,0.4605658857,349.jpg
0.1554154202,0.5670345202,0.2775500596,35.jpg
0.0825165391,0.5331752825,0.3843081784,350.jpg
0.135925437,0.550758981,0.3133155821,351.jpg
0.1770089893,0.6034582477,0.2195327629,352.jpg
0.0600092464,0.3763380085,0.563652745,353.jpg
0.2178332994,0.5367182224,0.2454484782,354.jpg
0.2749733738,0.5777747636,0.1472518626,355.jpg
0.2336483927,0.6602451754,0.1061064319,356.jpg
0.2028007922,0.6027818034,0.1944174044,357.jpg
0.1493167234,0.5424369036,0.308246373,358.jpg
0.1378159893,0.45897672,0.4032072907,359.jpg
0.1174814098,0.5824731842,0.300045406,36.jpg
0.3125857255,0.5877948064,0.0996194682,360.jpg
0.0990010353,0.4493023079,0.4516966568,361.jpg
0.1228027491,0.6962060702,0.1809911807,362.jpg
0.2078308325,0.5535326432,0.2386365243,363.jpg
0.1310267111,0.4909687655,0.3780045234,364.jpg
0.2194130905,0.4891416402,0.2914452693,365.jpg
0.0986755209,0.4462509517,0.4550735273,366.jpg
0.255245543,0.681762591,0.062991866,367.jpg
0.2560797382,0.509754695,0.2341655668,368.jpg
0.0775586667,0.5907379427,0.3317033906,369.jpg
0.2634753958,0.6183522018,0.1181724025,37.jpg
0.2240326112,0.4661610787,0.3098063101,370.jpg
0.2772269507,0.6873216593,0.03545139,371.jpg
0.1170656135,0.5079575539,0.3749768325,372.jpg
0.1811284148,0.6940181671,0.1248534181,373.jpg
0.1455580398,0.5689671699,0.2854747903,374.jpg
0.2075475343,0.5191546941,0.2732977716,375.jpg
0.0997533371,0.4800730139,0.420173649,376.jpg
0.1350031432,0.527170073,0.3378267838,377.jpg
0.1743572258,0.6883889049,0.1372538693,378.jpg
0.0781444208,0.2141473409,0.7077082382,379.jpg
0.1198911366,0.445616617,0.4344922464,38.jpg
0.0951520455,0.4056063583,0.4992415961,380.jpg
0.0944765858,0.3011396077,0.6043838065,381.jpg
0.2070620428,0.5259387302,0.266999227,382.jpg
0.1905035771,0.6175737667,0.1919226562,383.jpg
0.0438218229,0.2690656674,0.6871125097,384.jpg
0.0877803725,0.6852360667,0.2269835608,385.jpg
0.0901890886,0.3266955023,0.5831154091,386.jpg
0.146256503,0.6172309656,0.2365125314,387.jpg
0.0562480636,0.5378224816,0.4059294548,388.jpg
0.2001346117,0.6680352701,0.1318301182,389.jpg
0.2147023323,0.5280131304,0.2572845373,39.jpg
0.1904001981,0.6076768986,0.2019229033,390.jpg
0.1134066665,0.4912719954,0.3953213381,391.jpg
0.1706313278,0.6438062466,0.1855624256,392.jpg
0.1956871296,0.5865180964,0.217794774,393.jpg
0.199233176,0.5199929426,0.2807738814,394.jpg
0.0654253903,0.5594617518,0.3751128579,395.jpg
0.2150325565,0.6975449559,0.0874224876,396.jpg
0.2233605325,0.4854334056,0.2912060618,397.jpg
0.139877162,0.4269681971,0.4331546409,398.jpg
0.1663957345,0.5780664374,0.2555378281,399.jpg
0.0631522853,0.340516582,0.5963311326,4.jpg
0.0877906295,0.4311549403,0.4810544301,40.jpg
0.1344942529,0.5868578316,0.2786479156,400.jpg
0.1961613406,0.5675782702,0.2362603892,401.jpg
0.2328441068,0.4943306953,0.2728251979,402.jpg
0.2388663694,0.4552538923,0.3058797383,403.jpg
0.2431485695,0.2920040238,0.4648474067,404.jpg
0.1413020014,0.716523388,0.1421746106,405.jpg
0.2608944143,0.5985102337,0.1405953521,406.jpg
0.1920957259,0.4858639701,0.3220403041,407.jpg
0.1618931631,0.3227416428,0.5153651941,408.jpg
0.0747675279,0.2960594217,0.6291730503,409.jpg
0.1669274846,0.7199202486,0.1131522668,41.jpg
0.1927798306,0.6008955133,0.2063246561,410.jpg
0.1944868393,0.5935947573,0.2119184034,411.jpg
0.1027888172,0.4892239257,0.4079872571,412.jpg
0.1537677143,0.4204861761,0.4257461096,413.jpg
0.046855645,0.0906018993,0.8625424557,414.jpg
0.2549467605,0.5647092566,0.180343983,415.jpg
0.2058532787,0.6130083182,0.1811384031,416.jpg
0.1516307904,0.4197695813,0.4285996283,417.jpg
0.0828949136,0.4556148017,0.4614902847,418.jpg
0.1743077983,0.5078036997,0.317888502,419.jpg
0.2570516129,0.565722069,0.1772263181,42.jpg
0.0871442138,0.469389962,0.4434658242,420.jpg
0.1118354181,0.5108820679,0.377282514,421.jpg
0.1403470468,0.5313143872,0.328338566,422.jpg
0.2208529,0.5122016377,0.2669454623,423.jpg
0.1442317427,0.3762055941,0.4795626632,424.jpg
0.033848669,0.2660815433,0.7000697876,425.jpg
0.0773037155,0.5391730733,0.3835232112,426.jpg
0.2196386179,0.4100514917,0.3703098904,427.jpg
0.1781097604,0.636325107,0.1855651326,428.jpg
0.209241626,0.405587704,0.3851706699,429.jpg
0.1233846198,0.4759265373,0.4006888429,43.jpg
0.1539680286,0.5398714332,0.3061605382,430.jpg
0.3419777806,0.5917085136,0.0663137057,431.jpg
0.1826043062,0.4891335094,0.3282621844,432.jpg
0.1586454036,0.5278733692,0.3134812272,433.jpg
0.3412692681,0.5938239456,0.0649067863,434.jpg
0.0893223156,0.3839861847,0.5266914996,435.jpg
0.1817551345,0.6535764942,0.1646683713,436.jpg
0.0712246459,0.3413406698,0.5874346843,437.jpg
0.2183683924,0.5092884142,0.2723431934,438.jpg
0.1188235088,0.5997103746,0.2814661165,439.jpg
0.1489783777,0.6402852314,0.2107363909,44.jpg
0.1347857913,0.4766962208,0.3885179879,440.jpg
0.0715093793,0.5683686889,0.3601219318,441.jpg
0.2896886211,0.6363092684,0.0740021105,442.jpg
0.1593460305,0.7065095701,0.1341443993,443.jpg
0.1663958641,0.4752881702,0.3583159657,444.jpg
0.146229875,0.4396831346,0.4140869903,445.jpg
0.2493695771,0.3595353032,0.3910951197,446.jpg
0.1012682567,0.5194373762,0.379294367,447.jpg
0.2950696541,0.5438511516,0.1610791944,448.jpg
0.2397610614,0.6326601241,0.1275788145,449.jpg
0.2880278349,0.6142637224,0.0977084427,45.jpg
0.1340199732,0.4521382842,0.4138417426,450.jpg
0.1763864753,0.5560573905,0.2675561342,451.jpg
0.1822776299,0.353420067,0.4643023031,452.jpg
0.2304836033,0.7242279331,0.0452884636,453.jpg
0.0899356814,0.5497317092,0.3603326095,454.jpg
0.2235553181,0.4973202081,0.2791244738,455.jpg
0.4051260876,0.4680395172,0.1268343952,456.jpg
0.2426824816,0.7032166117,0.0541009067,457.jpg
0.1272775353,0.5845697875,0.2881526771,458.jpg
0.2697820299,0.4662312441,0.2639867259,459.jpg
0.1000220151,0.4715150718,0.4284629132,46.jpg
0.4108396658,0.4846268732,0.104533461,460.jpg
0.1304548636,0.5375760391,0.3319690973,461.jpg
0.1507587466,0.5627763311,0.2864649223,462.jpg
0.164866202,0.5061735465,0.3289602516,463.jpg
0.3282867479,0.5328215605,0.1388916917,464.jpg
0.1930259159,0.5934960274,0.2134780567,465.jpg
0.1161956884,0.5431014832,0.3407028284,466.jpg
0.2580844009,0.4629896009,0.2789259982,467.jpg
0.1594623279,0.6377710551,0.2027666169,468.jpg
0.2246740496,0.6209809738,0.1543449765,469.jpg
0.3239636624,0.6077089376,0.0683274,47.jpg
0.1392312707,0.4604487988,0.4003199305,470.jpg
0.2895342686,0.6513458697,0.0591198617,471.jpg
0.1172804363,0.3199891193,0.5627304444,472.jpg
0.1214942434,0.5373544272,0.3411513294,473.jpg
0.1935049388,0.5228255705,0.2836694907,474.jpg
0.111241268,0.4137109686,0.4750477634,475.jpg
0.1353089922,0.4250106373,0.4396803705,476.jpg
0.167234578,0.5406978693,0.2920675527,477.jpg
0.1256864028,0.5543560388,0.3199575584,478.jpg
0.1554433812,0.6226240238,0.221932595,479.jpg
0.0878835469,0.3951450802,0.5169713729,48.jpg
0.0917758942,0.3956703035,0.5125538024,480.jpg
0.1133358477,0.4300607797,0.4566033726,481.jpg
0.2642673313,0.5803171901,0.1554154787,482.jpg
0.2094259974,0.6013264945,0.1892475082,483.jpg
0.2467304815,0.478966576,0.2743029425,484.jpg
0.1138625853,0.4575730545,0.4285643602,485.jpg
0.12477802,0.4685643601,0.4066576199,486.jpg
0.2531594218,0.5312005375,0.2156400407,487.jpg
0.0960789148,0.3757636939,0.5281573913,488.jpg
0.161011739,0.410671693,0.428316568,489.jpg
0.1419354235,0.486430545,0.3716340314,49.jpg
0.159062688,0.4626967822,0.3782405298,490.jpg
0.1491897015,0.2620764659,0.5887338326,491.jpg
0.244180866,0.475504415,0.280314719,492.jpg
0.1318497869,0.6033560658,0.2647941473,493.jpg
0.1484262291,0.4851924444,0.3663813265,494.jpg
0.1190473544,0.613541102,0.2674115437,495.jpg
0.1136411244,0.4793158827,0.4070429929,496.jpg
0.1174438415,0.465151004,0.4174051545,497.jpg
0.2138065864,0.6634244333,0.1227689803,498.jpg
0.1114250818,0.2961770955,0.5923978226,499.jpg
0.1723048175,0.6936530038,0.1340421787,5.jpg
0.2611256809,0.3708479271,0.3680263921,50.jpg
0.240206018,0.5915117176,0.1682822643,500.jpg
0.2819796096,0.5896698168,0.1283505736,501.jpg
0.0959951504,0.6471311427,0.2568737069,502.jpg
0.0619455665,0.4812551445,0.456799289,503.jpg
0.1256700943,0.4353093023,0.4390206033,504.jpg
0.2717352143,0.6073825912,0.1208821945,505.jpg
0.069732116,0.5825118205,0.3477560635,506.jpg
0.1039817109,0.5911701066,0.3048481826,507.jpg
0.0560977986,0.4392002206,0.5047019808,508.jpg
0.1902892751,0.5956720594,0.2140386655,509.jpg
0.293380227,0.6103030592,0.0963167138,51.jpg
0.1832058596,0.589805715,0.2269884253,510.jpg
0.0649111185,0.1524555954,0.7826332861,511.jpg
0.1424422932,0.5547252609,0.3028324459,52.jpg
0.1200264915,0.427565653,0.4524078555,53.jpg
0.1257688503,0.6769149177,0.1973162321,54.jpg
0.1703259009,0.5351600399,0.2945140593,55.jpg
0.1383713033,0.4047639853,0.4568647114,56.jpg
0.1963867415,0.5836893439,0.2199239145,57.jpg
0.1313371024,0.42695977,0.4417031276,58.jpg
0.2682930574,0.6316583948,0.1000485478,59.jpg
0.1671141244,0.4889303151,0.3439555605,6.jpg
0.1788668529,0.5848270916,0.2363060555,60.jpg
0.3328653042,0.5484809167,0.1186537791,61.jpg
0.194038721,0.5538965748,0.2520647041,62.jpg
0.1809785915,0.562241227,0.2567801815,63.jpg
0.3343376201,0.5768768286,0.0887855513,64.jpg
0.2917989168,0.5706219432,0.13757914,65.jpg
0.1074732415,0.3333806564,0.5591461021,66.jpg
0.0317231479,0.1724687854,0.7958080667,67.jpg
0.2241725539,0.6378184934,0.1380089527,68.jpg
0.1378739403,0.5893936827,0.272732377,69.jpg
0.0943407404,0.5647133398,0.3409459198,7.jpg
0.1443743031,0.5051790627,0.3504466342,70.jpg
0.151381115,0.6701418581,0.1784770269,71.jpg
0.1319210801,0.685165023,0.1829138969,72.jpg
0.2893503024,0.4020793332,0.3085703644,73.jpg
0.153222172,0.4616716043,0.3851062236,74.jpg
0.2991962668,0.5596925256,0.1411112076,75.jpg
0.098377285,0.3466538389,0.5549688761,76.jpg
0.1814563907,0.5954772502,0.2230663591,77.jpg
0.0696331751,0.4432351305,0.4871316944,78.jpg
0.2192913736,0.7081429594,0.072565667,79.jpg
0.188509063,0.5715150149,0.239975922,8.jpg
0.2325479706,0.5459745476,0.2214774818,80.jpg
0.1017634332,0.54417349,0.3540630768,81.jpg
0.2165321023,0.6651254676,0.1183424301,82.jpg
0.1920424428,0.5869934032,0.2209641539,83.jpg
0.1675525648,0.5155148994,0.3169325358,84.jpg
0.1711930504,0.4923833392,0.3364236105,85.jpg
0.1071524463,0.4794816303,0.4133659234,86.jpg
0.0750185401,0.2879007718,0.6370806881,87.jpg
0.2583315769,0.5342956015,0.2073728216,88.jpg
0.0811130346,0.5177978266,0.4010891388,89.jpg
0.2720185446,0.5839540046,0.1440274508,9.jpg
0.1690669086,0.4842089013,0.3467241901,90.jpg
0.2899546547,0.6216602732,0.0883850721,91.jpg
0.0903885808,0.44119439,0.4684170292,92.jpg
0.1513919475,0.6335360226,0.21507203,93.jpg
0.2248544536,0.6097836067,0.1653619396,94.jpg
0.1852874493,0.4940234309,0.3206891198,95.jpg
0.1969059717,0.5993674219,0.2037266064,96.jpg
0.1487235895,0.2503520333,0.6009243772,97.jpg
0.1669004885,0.5510643089,0.2820352026,98.jpg
0.1260306626,0.6420889073,0.2318804301,99.jpg
